1111111110000000
1000000010000000
1001110011111111
1111000000000001
0100000000000001
0100000000000001
0111000001000001
0001000001000001
0001000001000001
0111000001100001
0100000000110001
0100000002010001
0111000001110001
0001000001000001
0001000001000001
0111000001100001
0100000000110001
0100000002010001
0111000001110001
0001000001000001
0001000001000001
0111000001100001
0100000000110001
0100000002010001
01110000011100011111111111
00010000000000000000000001
00010000000000000000000001
00010000000000000000000201
00010000000000000000001011
00011222111222111111111111
00010000010000010000000000
00010000010000010000000000
00011111111111110000000000
